{
 "cells": [
  {
   "cell_type": "code",
   "execution_count": 17,
   "id": "06ca14cd",
   "metadata": {},
   "outputs": [],
   "source": [
    "import numpy as np\n",
    "import itertools\n",
    "import json\n",
    "import os\n",
    "from tqdm import tqdm\n",
    "\n",
    "def load_decks(path):\n",
    "    \"\"\"Load deck data from .npy file and convert to binary strings.\"\"\"\n",
    "    data = np.load(path, allow_pickle = True)\n",
    "    decks = data[:, 1]\n",
    "    decks.tolist()\n",
    "   \n",
    "    #decks = decks[:10000] #for testing making it shorter\n",
    "    \n",
    "    return decks\n",
    "\n",
    "def score_deck(deck: str, seq1: str, seq2: str) -> tuple[int, int, int, int]:\n",
    "    \"\"\"Score a single deck for both players.\"\"\"\n",
    "    p1_cards = p2_cards = 0\n",
    "    p1_tricks = p2_tricks = 0\n",
    "    pile = 2\n",
    "    i = 0\n",
    "    \n",
    "    while i < len(deck) - 2:\n",
    "        pile += 1\n",
    "        current_sequence = deck[i:i+3]\n",
    "        if current_sequence == seq1:\n",
    "            p1_cards += pile\n",
    "            p1_tricks += 1\n",
    "            pile = 2\n",
    "            i += 3\n",
    "        elif current_sequence == seq2:\n",
    "            p2_cards += pile\n",
    "            p2_tricks += 1\n",
    "            pile = 2\n",
    "            i += 3\n",
    "        else:\n",
    "            i += 1\n",
    "    \n",
    "    return p1_cards, p2_cards, p1_tricks, p2_tricks\n",
    "\n",
    "def calculate_winner(p1_cards: int,\n",
    "                     p2_cards: int,\n",
    "                     p1_tricks: int,\n",
    "                     p2_tricks: int):\n",
    "        '''Given the number of cards and tricks for each player, calculate who wins for cards and tricks, as well as draws for cards and tricks.\n",
    "            If player one wins, the winner is set to 0. If player 2 wins, the winner is set to 1.\n",
    "            Also indicates if there was a draw.\n",
    "\n",
    "        Arguments:\n",
    "            p1_cards (int): number of cards player 1 won\n",
    "            p2_cards (int): number of cards player 2 won\n",
    "            p1_tricks (int): number of tricks player 1 won\n",
    "            p2_tricks (int): number of tricks player 2 won\n",
    "        \n",
    "        Output:\n",
    "            cards_winner (int): specifies who won based on cards\n",
    "            cards_draw (int): 1 if a draw occurred, 0 otherwise\n",
    "            tricks_winner (int): specifies who won based on tricks\n",
    "            tricks_draw (int): 1 if a draw occured, 0 otherwise'''\n",
    "        cards_winner = 0\n",
    "        cards_draw = 0\n",
    "        tricks_winner = 0\n",
    "        tricks_draw = 0\n",
    "\n",
    "        # if p2 wins set winner to 1, otherwise it is 0 (including draws).\n",
    "        # if there is a draw, set draw counter to 1\n",
    "        if p1_cards > p2_cards:\n",
    "            cards_winner = 1\n",
    "        elif p1_cards == p2_cards:\n",
    "            cards_draw = 1\n",
    "        if p1_tricks > p2_tricks:\n",
    "            tricks_winner = 1\n",
    "        elif p1_tricks == p2_tricks:\n",
    "            tricks_draw = 1\n",
    "        return cards_winner, cards_draw, tricks_winner, tricks_draw\n",
    "\n",
    "\n",
    "def generate_unique_combinations(sequences):\n",
    "    \"\"\"\n",
    "    Generate unique combinations from the given sequences, accounting for inversions.\n",
    "    \n",
    "    Inputs:\n",
    "    - sequences (list of str): List of binary sequences to generate combinations from.\n",
    "    Returns:\n",
    "    - set: Set of unique sequence pairs (accounting for inversions).\n",
    "    \"\"\"\n",
    "    # Step 1: Generate all unique pairs of sequences without repetition\n",
    "    pairs = set(itertools.combinations(sequences, 2))\n",
    "    \n",
    "    # Step 2: Use a set to store unique combinations considering inversion\n",
    "    unique_combinations = set()\n",
    "    \n",
    "    for pair in pairs:\n",
    "        bin1, bin2 = pair\n",
    "        \n",
    "        # Create the inverted version of the pair\n",
    "        inverted_pair = ('{0:03b}'.format(~int(bin1, 2) & 7), '{0:03b}'.format(~int(bin2, 2) & 7))\n",
    "        \n",
    "        # Sort both the pair and the inverted pair to standardize\n",
    "        sorted_pair = tuple(sorted(pair))\n",
    "        sorted_inverted_pair = tuple(sorted(inverted_pair))\n",
    "        \n",
    "        # Add the pair only if its inverse or its swapped version isn't already present\n",
    "        if sorted_inverted_pair not in unique_combinations:\n",
    "            unique_combinations.add(sorted_pair)\n",
    "    \n",
    "    return unique_combinations\n",
    "\n",
    "\n",
    "def process_all_decks(decks):\n",
    "    \"\"\"Process all decks and compute statistics for all sequence combinations.\"\"\"\n",
    "    sequences = ['000', '001', '010', '011', '100', '101', '110', '111']\n",
    "    n_sequences = len(sequences)\n",
    "    \n",
    "    #unique_combinations = generate_unique_combinations(sequences) #gives us 16 combos to use\n",
    "    \n",
    "    # Initialize result arrays\n",
    "    cards_wins = np.zeros((n_sequences, n_sequences))\n",
    "    tricks_wins = np.zeros((n_sequences, n_sequences))\n",
    "    cards_ties = np.zeros((n_sequences, n_sequences))\n",
    "    tricks_ties = np.zeros((n_sequences, n_sequences))\n",
    "    \n",
    "    # Create sequence index mapping\n",
    "    seq_to_idx = {seq: idx for idx, seq in enumerate(sequences)}\n",
    "    \n",
    "    total_decks = len(decks)\n",
    "    \n",
    "    # Process each deck\n",
    "    for deck in tqdm(decks, desc=\"Processing decks\"):\n",
    "        for seq1 in sequences: #using unique_combinations would generate half the gird, 28 pairs\n",
    "            for seq2 in sequences: \n",
    "                if seq1 != seq2: \n",
    "                    idx1 = seq_to_idx[seq1]  # Getting index of sequence 1\n",
    "                    idx2 = seq_to_idx[seq2]  # Getting index of sequence 2\n",
    "                \n",
    "                    p1_cards, p2_cards, p1_tricks, p2_tricks = score_deck(deck, seq1, seq2)\n",
    "                    cards_winner, cards_draw, tricks_winner, tricks_draw = calculate_winner(p1_cards, p2_cards, p1_tricks, p2_tricks)\n",
    "            \n",
    "            # Update win counts\n",
    "            \n",
    "           # if cards_winner == 1: #player 1 wins \n",
    "            #    cards_wins[idx1][idx2] += 1\n",
    "           # elif cards_draw:\n",
    "             #   cards_ties[idx1][idx2] += 1\n",
    "                \n",
    "           # if tricks_winner == 1:\n",
    "            #    tricks_wins[idx1][idx2] += 1\n",
    "           # elif tricks_draw:\n",
    "               # tricks_ties[idx1][idx2] += 1\n",
    "            \n",
    "                    if cards_draw:\n",
    "                        cards_ties[idx1][idx2] += 1\n",
    "                    elif cards_winner == 1:  # Player 1 wins\n",
    "                        cards_wins[idx1][idx2] += 1\n",
    "            \n",
    "                    if tricks_draw:\n",
    "                        tricks_ties[idx1][idx2] += 1\n",
    "                    elif tricks_winner == 1:  # Player 1 wins\n",
    "                        tricks_wins[idx1][idx2] += 1\n",
    "            \n",
    "            \n",
    "            \n",
    "\n",
    "    # Convert to probabilities\n",
    "    cards_wins = cards_wins / total_decks\n",
    "    tricks_wins = tricks_wins / total_decks\n",
    "    cards_ties = cards_ties / total_decks\n",
    "    tricks_ties = tricks_ties / total_decks\n",
    "    \n",
    "    return {\n",
    "        'cards': cards_wins.tolist(),\n",
    "        'tricks': tricks_wins.tolist(),\n",
    "        'cards_ties': cards_ties.tolist(),\n",
    "        'tricks_ties': tricks_ties.tolist(),\n",
    "        'n': total_decks\n",
    "    }\n",
    "\n",
    "def process_and_save_results(input_path, output_folder='results'):\n",
    "    \"\"\"Process decks from input file and save results to output folder.\"\"\"\n",
    "    # Create output folder if it doesn't exist\n",
    "    os.makedirs(output_folder, exist_ok=True)\n",
    "    \n",
    "    # Load and process decks\n",
    "    print(\"Loading decks...\")\n",
    "    decks = load_decks(input_path)\n",
    "    \n",
    "    # Process all decks and get results\n",
    "    print(\"Processing games...\")\n",
    "    results = process_all_decks(decks)\n",
    "    \n",
    "    # Save results\n",
    "    output_path = os.path.join(output_folder, 'results.json')\n",
    "    with open(output_path, 'w') as f:\n",
    "        json.dump(results, f)\n",
    "    \n",
    "    return results\n",
    "\n",
    "# Example usage\n",
    "# process_and_save_results(\"path_to_your_npy_file.npy\")"
   ]
  },
  {
   "cell_type": "code",
   "execution_count": 18,
   "id": "c63b7138",
   "metadata": {},
   "outputs": [
    {
     "name": "stdout",
     "output_type": "stream",
     "text": [
      "Loading decks...\n",
      "Processing games...\n"
     ]
    },
    {
     "name": "stderr",
     "output_type": "stream",
     "text": [
      "Processing decks: 100%|█████████████| 1000000/1000000 [13:02<00:00, 1278.62it/s]\n"
     ]
    },
    {
     "data": {
      "text/plain": [
       "{'cards': [[0.0,\n",
       "   0.471181,\n",
       "   0.277245,\n",
       "   0.176197,\n",
       "   9e-06,\n",
       "   0.252084,\n",
       "   0.009624,\n",
       "   0.485966],\n",
       "  [0.508744, 0.0, 0.863651, 0.955683, 0.001951, 0.918409, 0.478439, 0.988121],\n",
       "  [0.706454, 0.123296, 0.0, 0.485003, 0.418689, 0.488421, 0.068325, 0.725582],\n",
       "  [0.803865, 0.036044, 0.486251, 0.0, 0.484757, 0.558079, 0.997592, 0.999979],\n",
       "  [0.999983, 0.997593, 0.559711, 0.486521, 0.0, 0.485953, 0.036419, 0.8033],\n",
       "  [0.72634, 0.067817, 0.487961, 0.420119, 0.485389, 0.0, 0.123647, 0.705578],\n",
       "  [0.987745, 0.476946, 0.91769, 0.001919, 0.955389, 0.863371, 0.0, 0.507734],\n",
       "  [0.485146, 0.009331, 0.253137, 1.4e-05, 0.176676, 0.278278, 0.472292, 0.0]],\n",
       " 'tricks': [[0.0,\n",
       "   0.403947,\n",
       "   0.211763,\n",
       "   0.112831,\n",
       "   0.001116,\n",
       "   0.168263,\n",
       "   0.008337,\n",
       "   0.324818],\n",
       "  [0.441419, 0.0, 0.802194, 0.88356, 0.026337, 0.793117, 0.410226, 0.967088],\n",
       "  [0.663588, 0.115577, 0.0, 0.43066, 0.421744, 0.406848, 0.113285, 0.693034],\n",
       "  [0.76947, 0.05138, 0.432875, 0.0, 0.431389, 0.442881, 0.935577, 0.994948],\n",
       "  [0.994792, 0.935212, 0.44374, 0.432461, 0.0, 0.431976, 0.052085, 0.769162],\n",
       "  [0.693794, 0.112719, 0.405714, 0.423332, 0.430716, 0.0, 0.116121, 0.663138],\n",
       "  [0.967347, 0.409154, 0.792064, 0.026111, 0.882365, 0.801297, 0.0, 0.440578],\n",
       "  [0.325561, 0.008319, 0.168365, 0.001103, 0.113042, 0.21244, 0.405223, 0.0]],\n",
       " 'cards_ties': [[0.0,\n",
       "   0.020075,\n",
       "   0.016301,\n",
       "   0.019938,\n",
       "   8e-06,\n",
       "   0.021576,\n",
       "   0.002631,\n",
       "   0.028888],\n",
       "  [0.020075, 0.0, 0.013053, 0.008273, 0.000456, 0.013774, 0.044615, 0.002548],\n",
       "  [0.016301, 0.013053, 0.0, 0.028746, 0.0216, 0.023618, 0.013985, 0.021281],\n",
       "  [0.019938, 0.008273, 0.028746, 0.0, 0.028722, 0.021802, 0.000489, 7e-06],\n",
       "  [8e-06, 0.000456, 0.0216, 0.028722, 0.0, 0.028658, 0.008192, 0.020024],\n",
       "  [0.021576, 0.013774, 0.023618, 0.021802, 0.028658, 0.0, 0.012982, 0.016144],\n",
       "  [0.002631, 0.044615, 0.013985, 0.000489, 0.008192, 0.012982, 0.0, 0.019974],\n",
       "  [0.028888, 0.002548, 0.021281, 7e-06, 0.020024, 0.016144, 0.019974, 0.0]],\n",
       " 'tricks_ties': [[0.0,\n",
       "   0.154634,\n",
       "   0.124649,\n",
       "   0.117699,\n",
       "   0.004092,\n",
       "   0.137943,\n",
       "   0.024316,\n",
       "   0.349621],\n",
       "  [0.154634, 0.0, 0.082229, 0.06506, 0.038451, 0.094164, 0.18062, 0.024593],\n",
       "  [0.124649, 0.082229, 0.0, 0.136465, 0.134516, 0.187438, 0.094651, 0.138601],\n",
       "  [0.117699, 0.06506, 0.136465, 0.0, 0.13615, 0.133787, 0.038312, 0.003949],\n",
       "  [0.004092, 0.038451, 0.134516, 0.13615, 0.0, 0.137308, 0.06555, 0.117796],\n",
       "  [0.137943, 0.094164, 0.187438, 0.133787, 0.137308, 0.0, 0.082582, 0.124422],\n",
       "  [0.024316, 0.18062, 0.094651, 0.038312, 0.06555, 0.082582, 0.0, 0.154199],\n",
       "  [0.349621, 0.024593, 0.138601, 0.003949, 0.117796, 0.124422, 0.154199, 0.0]],\n",
       " 'n': 1000000}"
      ]
     },
     "execution_count": 18,
     "metadata": {},
     "output_type": "execute_result"
    }
   ],
   "source": [
    "process_and_save_results('/Users/student/Desktop/fall 2024/Automation/Project Penney/penney_final_revisions/deck_data.npy')\n",
    "\n"
   ]
  },
  {
   "cell_type": "code",
   "execution_count": null,
   "id": "b930adfd",
   "metadata": {},
   "outputs": [],
   "source": []
  },
  {
   "cell_type": "code",
   "execution_count": null,
   "id": "7373e4dc",
   "metadata": {},
   "outputs": [],
   "source": []
  },
  {
   "cell_type": "code",
   "execution_count": null,
   "id": "059ed655",
   "metadata": {},
   "outputs": [],
   "source": []
  },
  {
   "cell_type": "code",
   "execution_count": null,
   "id": "f861a7e2",
   "metadata": {},
   "outputs": [],
   "source": []
  }
 ],
 "metadata": {
  "kernelspec": {
   "display_name": "Python 3 (ipykernel)",
   "language": "python",
   "name": "python3"
  },
  "language_info": {
   "codemirror_mode": {
    "name": "ipython",
    "version": 3
   },
   "file_extension": ".py",
   "mimetype": "text/x-python",
   "name": "python",
   "nbconvert_exporter": "python",
   "pygments_lexer": "ipython3",
   "version": "3.9.7"
  }
 },
 "nbformat": 4,
 "nbformat_minor": 5
}
